DNN(20,10,20) 0.42105263
DNN(10,40,20) 0.47368422
DNN(10,20,20) 0.5263158
DNN(20,10,10) 0.5263158
DNN(10,10,10) 0.57894737
DNN(10,30,10) 0.57894737
DNN(10,40,10) 0.57894737
DNN(20,30,10) 0.57894737
DNN(20,40,30) 0.57894737
DNN(30,10,20) 0.57894737
DNN(30,10,30) 0.57894737
DNN(30,30,20) 0.57894737
DNN(30,30,30) 0.57894737
Baseline classifier 0.57894737
DNN(10,30,20) 0.6315789
DNN(10,30,30) 0.6315789
DNN(10,40,30) 0.6315789
DNN(20,10,30) 0.6315789
DNN(20,40,20) 0.6315789
DNN(30,20,10) 0.6315789
DNN(30,20,20) 0.6315789
DNN(30,30,10) 0.6315789
DNN(10,10,30) 0.68421054
DNN(20,20,10) 0.68421054
DNN(20,30,20) 0.68421054
DNN(20,30,30) 0.68421054
DNN(30,40,20) 0.68421054
DNN(30,40,30) 0.68421054
DNN(10,10,20) 0.7368421
DNN(10,20,10) 0.7368421
DNN(10,20,30) 0.7368421
DNN(20,20,20) 0.7368421
DNN(20,40,10) 0.7368421
DNN(30,10,10) 0.7368421
DNN(30,20,30) 0.7368421
DNN(30,40,10) 0.7368421
DNN(20,20,30) 0.84210527
