Baseline regressor 4.7499995
DNN(30,20,10) 12.2240305
DNN(30,40,10) 12.356947
DNN(30,10,10) 13.186468
DNN(30,30,10) 13.186856
Baseline classifier 13.186909
DNN(20,10,10) 17.972485
DNN(30,10,30) 18.74621
DNN(10,20,30) 19.044752
DNN(30,10,20) 20.952515
DNN(10,20,10) 21.989138
DNN(10,10,10) 23.21556
DNN(10,40,30) 23.265385
DNN(20,30,30) 23.582594
DNN(10,40,20) 24.796495
DNN(20,20,20) 26.458902
DNN(20,10,30) 26.777708
DNN(20,20,10) 29.07491
DNN(10,40,10) 31.254187
DNN(30,20,20) 31.3434
DNN(20,40,10) 33.309723
DNN(20,30,20) 35.480087
DNN(30,30,30) 37.13362
DNN(30,40,20) 37.872894
DNN(20,40,20) 38.66866
DNN(20,20,30) 39.72348
DNN(10,20,20) 39.815628
DNN(30,30,20) 40.512066
DNN(30,20,30) 41.31067
DNN(20,10,20) 43.049534
DNN(10,10,30) 55.789806
DNN(10,30,30) 61.38645
DNN(20,40,30) 62.486164
DNN(20,30,10) 64.82365
DNN(30,40,30) 66.34984
DNN(10,10,20) 71.92152
DNN(10,30,20) 81.49872
DNN(10,30,10) 91.092575